Generated class,Matches class,Matches attribute,Matches association
conference,conference,,
research paper,research paper,,
submission,submission,,
author,author,,
reviewer,reviewer,,
person,person,,
review,review,,
academic institution,*,,
event,*,,
affiliation,*,,
